ACTIVE_PART_STACK__BORDER_COLOR=0.0, 0.0, 0.6156863, 0|0.0, 0.0, 0.615686, 100
ACTIVE_PART_STACK__BORDER_SHOW=true
ACTIVE_PART_STACK__CHEVRON_COLOR=0.0, 0.0, 0.0
ACTIVE_PART_STACK__HEADER_BACKGROUND_COLOR=0.0, 0.0, 0.8666667, 0|0.0, 0.0, 0.80784315, 100
ACTIVE_PART_STACK__SELECTED_BORDER_COLOR=0.0, 0.0, 0.6156863, 0|0.0, 0.0, 0.615686, 100
ACTIVE_PART_STACK__SELECTED_BORDER_SHOW=true
ACTIVE_PART_STACK__SELECTED_FILL_COLOR=0.0, 0.0, 1.0, 0|0.0, 0.0, 1.0, 100
FORMS__ACTIVE_HYPER_LINK_COLOR=238.94273, 0.0, 0.0
FORMS__HYPER_LINK_COLOR=61.894737, 1.0, 1.0
FORMS__SECTION_HEADER_ACTIVE_TITLE_COLOR=211.57895, 0.0, 0.0
FORMS__SECTION_HEADER_BORDER_COLOR=210.90909, 0.0, 0.0
FORMS__SECTION_HEADER_TINT_COLOR=210.0, 0.28723404, 0.09574467
FORMS__SECTION_HEADER_TITLE_COLOR=211.57895, 0.5159575, 0.5319149
INACTIVE_PART_STACK__BORDER_COLOR=223.63637, 0.10784313, 0.8, 0|223.63637, 0.107843, 0.8, 100
INACTIVE_PART_STACK__BORDER_SHOW=true
INACTIVE_PART_STACK__CHEVRON_COLOR=0.0, 0.0, 0.0
INACTIVE_PART_STACK__CLOSE_BUTTON_ACTIVE_COLOR=0.0, 0.87765956, 0.86702126
INACTIVE_PART_STACK__CLOSE_BUTTON_COLOR=0.0, 0.0, 0.8031915
INACTIVE_PART_STACK__CLOSE_BUTTON_HOVER_COLOR=0.0, 0.5106383, 0.69148934
INACTIVE_PART_STACK__HEADER_BACKGROUND_COLOR=0.0, 0.0, 0.92941177, 0|0.0, 0.0, 0.8745098, 100
INACTIVE_PART_STACK__HOVER_BORDER_COLOR=24.532019, 0.0, 0.6117021, 0|24.532019, 0.0, 0.611702, 100
INACTIVE_PART_STACK__HOVER_FILL_COLOR=0.0, 0.0, 0.9574468, 0|0.0, 0.0, 0.92021275, 100
INACTIVE_PART_STACK__SELECTED_BORDER_COLOR=223.63637, 0.10784313, 0.8, 0|223.63637, 0.107843, 0.8, 100
INACTIVE_PART_STACK__SELECTED_BORDER_SHOW=true
INACTIVE_PART_STACK__UNSELECTED_BORDER_COLOR=24.532019, 0.0, 0.6117021, 0|24.532019, 0.0, 0.611702, 100
LAYOUT__BORDER_RADIUS=6
LAYOUT__CONTENT_PADDING=2
LAYOUT__SHADOW_COLOR=0.0, 0.0, 0.65882355
LAYOUT__TAB_ITEM_PADDING=5
LAYOUT__TAB_ITEM_SPACING=0
LAYOUT__TAB_SPACING=2
MEMENTO__LAST_CHOOSED_PRESET=net.jeeeyul.eclipse.themes.preset.adwaita
TEXT_EDITOR__UNDER_LINE_STYLE=0
WINDOW__BACKGROUND_COLOR=0.0, 0.0, 0.0
WINDOW__PERSPECTIVE_SWITCHER_FILL_COLOR=222.85713, 0.027777776, 0.9882353, 0|0.0, 0.0, 0.93333334, 100
WINDOW__PERSPECTIVE_SWITCHER_KEY_LINE_COLOR=225.0, 0.10471203, 0.7490196
WINDOW__PERSPECTIVE_SWITCHER_TEXT_COLOR=0.0, 0.0, 0.0
WINDOW__STATUS_BAR_FILL_COLOR=0.0, 0.0, 0.93333334, 0|0.0, 0.0, 0.87234044, 100
WINDOW__TOOLBAR_FILL_COLOR=0.0, 0.0, 0.87058824, 0|0.0, 0.0, 0.99215686, 100
eclipse.preferences.version=1
